702778646885
702778646886
702778646887
702778646915
702778646990
4363500793926
702778646991
4363500793940
4363500794014
4363500793926
702778646990
4363500793940
4363500794015
4363500794099
702778646914
4363500794212
4363500794112
4363500794114
702778646990
702778646991
702778646914
4363500793926
4363500794112
4363500793940
4363500794114
4363500793941
4363500794322
4363500794276
4363500793930
4363500793926
702778646990
702778646991
702778646914
4363500793930
4363500794394
4363500793940
4363500793926
4363500793941
4363500793930
4363500794113
4363500794099
4363500794436
4363500794444
4363500794525
4363500794394
4363500793926
4363500793930
702778646990
4363500794394
4363500794576
702778646914
4363500793926
4363500793930
4363500794676
4363500794394
702778646991
702778646990
4363500793940
4363500793926
4363500794576
4363500793941
4363500793930
702778646913
4363500794667
4363500794645
4363500794669
4363500794099
702778646990
702778646913
4363500793940
702778646991
4363500794735
4363500793926
4363500794099
4363500794808
4363500794827
4363500794099
702778646990
4363500794918
4363500793930
4363500794998
702778646913
174026416718
4363500793926
4363500793940
702778646990
174026416800
174026416878
4363500793926
4363500793940
4363500793941
4363500794735
702778646991
702778646990
174026416870
174026416904
174026416964
4363500793926
174026416800
702778646913
4363500794099
4363500793929
702778646990
4363500793940
174026417068
174026417089
4363500793941
4363500793929
4363500793930
4363500793926
702778646991
702778646990
702778646913
174026417170
174026417068
4363500793940
4363500793930
4363500793926
702778646990
702778646912
174026417246
2627809326434
4363500793930
4363500793941
4363500793926
174026416800
4363500793931
4363500793940
2627809326474
2627809326476
174026417246
2627809326477
2627809326559
2627809326626
174026416800
702778646990
702778646912
4363500793926
4363500793940
4363500793926
702778646990
2627809326626
702778646912
2627809326689
4363500793940
4363500793941
2627809326582
4363500793931
2627809326669
2627809326762
2627809326806
2627809326875
4363500793926
4363500793931
702778646991
702778646990
702778646912
4363500793926
4363500793940
2627809326959
2627809326886
702778646990
702778646912
4363500793940
2384994529156
2384994529226
2384994529333
251391422337
2384994529221
4363500793926
4363500794099
4363500793940
702778646991
702778646990
251391422412
2627809326959
702778646912
4363500794098
4363500793926
4363500793940
251391422527
251391422412
2627809326959
4363500793926
2777491174498
4363500794098
4363500793940
4363500794576
251391422413
4363500794098
702778646992
702778646888
4363500793926
2777491174578
2777491174594
2777491174610
4363500794576
2777491174626
2777491174578
2777491174642
2777491174594
1862882897922
1862882897938
1862882897954
2777491174610
2777491174626
1862882897970
2777491174642
1862882897922
1862882897986
1862882898002
1862882897938
1862882898018
1862882897954
1862882897970
1862882898034
1862882897986
1862882898050
1862882898066
3704300934018
1862882898002
1862882898082
3704300934034
1862882898018
1862882898050
1862882898034
1862882898098
1862882898066
3704300934050
3704300934018
1862882898082
3704300934066
3704300934082
1862882898050
3704300934034
1862882898098
1862882898066
3704300934050
3704300934098
3704300934146
3704300934114
3704300934162
3704300934018
3704300934066
3704300934130
3704300934098
3704300934082
3704300934178
3704300934034
3704300934146
3704300934114
3704300934162
3704300934194
3704300934130
3704300934098
3704300934178
3704300934210
3704300934146
3704300934226
3704300934162
3704300934242
3704300934194
3704300934258
3704300934210
3704300934274
3704300934226
3704300934290
3704300934242
3704300934306
3704300934258
3704300934322
3704300934274
3704300934338
3704300934354
3704300934370
3704300934290
3704300934386
3704300934402
3704300934306
3704300934322
3704300934338
3704300934418
3704300934434
3704300934354
3704300934370
3704300934450
3704300934386
3704300934402
3704300934466
3704300934482
3704300934418
3704300934498
3704300934434
3704300934450
3704300934514
3704300934466
3704300934530
3704300934482
3704300934562
3704300934498
3704300934578
3704300934514
3704300934658
3704300934594
3704300934530
3704300934674
3704300934610
3704300934690
3704300934626
3704300934706
3704300934642
3704300934722
3704300934546
3704300934738
3704300934562
3704300934578
3704300934594
3704300934610
3704300934626
3704300934642
3704300934658
3704300934674
3704300934690
3704300934706
3704300934722
3704300934546
3704300934738
3704300934562
3704300934578
3704300934594
3704300934610
3704300934626
3704300934642
3704300934658
3704300934674
3704300934754
3704300934690
3704300934706
3704300934770
3704300934722
3704300934786
3704300934738
3704300934802
3704300934754
3704300934818
3704300934770
3704300934834
3704300934786
3704300934850
3704300934866
3704300934882
3704300934802
3704300934898
3704300934914
3704300934818
3704300934834
3704300934850
3704300934930
3704300934866
3704300934882
3704300934962
3704300934898
3704300934978
3704300934914
3704300934994
3704300935010
3704300934930
3704300935026
3704300935042
3704300934946
3704300934962
3704300934978
3704300935058
3704300935074
3704300935090
3704300935106
3704300934994
3704300934946
3704300935010
3704300935026
3704300935042
3704300935122
3704300934962
3704300934978
3704300935058
3704300935074
3704300935138
3704300935154
3704300935090
3704300935106
3704300934994
3704300935010
3704300935026
3704300935170
3704300935042
3704300935122
3704300935186
3704300935138
3704300935202
3704300935154
3704300935218
3704300935170
3704300935234
3704300935186
3704300935250
3704300935202
3704300935266
3704300935218
3704300935282
3704300935234
3704300935298
3704300935250
3704300935314
3704300935266
3704300935330
3704300935282
3704300935346
3704300935298
3704300935362
3704300935378
3704300935394
3704300935314
3704300935410
3704300935426
3704300935330
3704300935346
3704300935362
3704300935442
3704300935458
3704300935378
3704300935394
3704300935474
3704300935410
3704300935426
3704300935490
3704300935506
3704300935442
3704300935522
3704300935458
3704300935474
3704300935538
3704300935490
3704300935554
3704300935570
3704300935506
3704300935586
3704300935522
3704300935538
3704300935602
3704300935554
3704300935618
3704300935634
3704300935682
3704300935570
3704300935650
3704300935698
3704300935586
3704300935618
3704300935602
3704300935666
3704300935634
3704300935714
3704300935682
3704300935650
3704300935618
3704300935698
3704300935730
3704300935666
3704300935634
3704300935714
3704300935762
3704300935682
3704300935778
3704300935698
3704300935794
3704300935810
3704300935730
3704300935746
3704300935762
3704300935778
3704300935794
3704300935826
3704300935746
3704300935810
3704300935842
3704300935762
3704300935778
3704300935858
3704300935794
3704300935874
3704300935890
3704300935906
3704300935826
3704300935922
3704300935938
3704300935842
3704300935858
3704300935874
3704300935954
3704300935970
3704300935890
3704300935906
3704300935986
3704300935922
3704300935938
3704300936002
3704300936018
3704300935954
3704300936034
3704300935970
3704300935986
3704300936050
3704300936002
3704300936066
3704300936082
3704300936018
3704300936098
3704300936034
3704300936050
3704300936114
3704300936066
3704300936130
3704300936082
3704300936162
3704300936098
3704300936178
3704300936114
3704300936210
3704300936146
3704300936130
3704300936226
3704300936162
3704300936242
3704300936178
3704300936146
3704300936194
3704300936258
3704300936162
3704300936210
3704300936274
3704300936178
3704300936226
3704300936242
3704300936194
3704300936290
3704300936258
3704300936210
3704300936226
3704300936306
3704300936274
3704300936242
3704300936322
3704300936290
3704300936338
3704300936258
3704300936354
3704300936306
3704300936370
3704300936322
3704300936386
3704300936402
3704300936418
3704300936338
3704300936434
3704300936450
3704300936354
3704300936370
3704300936386
3704300936466
3704300936482
3704300936402
3704300936418
3704300936498
3704300936434
3704300936450
3704300936514
3704300936530
3704300936466
3704300936562
3704300936482
3704300936498
3704300936578
3704300936514
3704300936594
3704300936610
3704300936530
3704300936626
3704300936546
3704300936562
3704300936642
3704300936706
3704300936658
3704300936722
3704300936674
3704300936738
3704300936690
3704300936578
3704300936546
3704300936594
3704300936610
3704300936626
3704300936642
3704300936658
3704300936562
3704300936674
3704300936690
3704300936706
3704300936722
3704300936578
3704300936738
3704300936594
3704300936610
3704300936626
3704300936754
3704300936642
3704300936658
3704300936674
3704300936690
3704300936706
3704300936770
3704300936722
3704300936786
3704300936738
3704300936802
3704300936754
3704300936818
3704300936770
3704300936834
3704300936786
3704300936850
3704300936802
3704300936866
3704300936818
3704300936882
3704300936834
3704300936898
3704300936914
3704300936930
3704300936850
3704300936866
3704300936946
3704300936882
3704300936898
3704300936962
3704300936978
3704300936914
3704300936994
3704300936930
3704300936946
3704300937010
3704300936962
3704300937026
3704300937042
3704300936978
3704300937058
3704300936994
3704300937010
3704300937074
3704300937026
3704300937090
3704300937106
3704300937042
3704300937122
3704300937058
3704300937074
3704300937138
3704300937090
3704300937154
3704300937170
3704300937218
3704300937106
3704300937186
3704300937234
3704300937122
3704300937154
3704300937138
3704300937202
3704300937170
3704300937250
3704300937218
3704300937186
3704300937154
3704300937234
3704300937266
3704300937202
3704300937170
3704300937250
3704300937282
3704300937218
3704300937298
3704300937234
3704300937314
3704300937266
3704300937330
3704300937282
3704300937362
3704300937298
3704300937378
3704300937314
3704300937394
3704300937346
3704300937330
3704300937362
3704300937378
3704300937410
3704300937346
3704300937426
3704300937442
3704300937394
3704300937458
3704300937474
3704300937362
3704300937378
3704300937410
3704300937490
3704300937506
3704300937426
3704300937442
3704300937522
3704300937458
3704300937474
3704300937538
3704300937554
3704300937490
3704300937570
3704300937506
3704300937522
3704300937586
3704300937538
3704300937602
3704300937618
3704300937554
3704300937634
3704300937570
3704300937650
702778646889
3704300937666
3704300937586
4363500794099
3704300937682
3704300937730
3704300937698
3704300937602
3704300937746
3704300937618
3704300937634
3704300937778
3704300937714
3704300937650
702778646993
3704300937682
3704300937666
3704300937762
3704300937698
3704300937730
3704300937746
702778646992
3704300937714
3704300937682
3704300937794
3704300937778
3704300937698
3704300934415
3704300937762
3704300937730
3704300937810
3704300934431
3704300937746
3704300937826
702778646991
702778646990
3704300937778
4363500793940
3704300937794
3704300937810
702778646890
3704300937868
3704300937826
3704300937940
3704300938029
3704300938108
3704300937867
3704300938087
3704300937991
3704300938107
3704300937867
3704300938029
3704300938087
3704300938166
3704300938205
3704300937866
4363500793940
3704300938296
3704300937928
3704300938298
3704300938306
3704300938309
3704300938308
3704300937991
3704300937940
3704300938108
3704300938166
3704300938296
3704300938522
3704300938396
3704300938597
3704300937928
3704300938650
3704300938494
3704300938298
3704300937866
3704300938107
3704300938306
3704300938308
3704300938522
3704300938639
3704300938205
3704300938726
3704300938812
3704300938819
3704300938396
3704300938880
3704300938650
3704300938309
3704300937866
3704300938494
3704300938726
3704300938948
3704300938812
3704300939012
3704300939121
3704300938597
3704300938639
3704300938245
3704300939196
3704300939237
3704300938819
3704300938880
3704300937865
3704300939233
3704300939121
3704300939245
3704300938597
3704300937951
3704300939309
3704300938245
3704300939237
3704300938168
3704300938948
3704300938297
3704300939244
3704300939233
3704300939245
3704300937865
3704300939012
3704300937951
3704300939355
3704300939352
3704300938830
3704300939415
3704300939477
3704300939521
3704300939462
3704300939196
3704300939309
3704300938297
3704300938168
3704300939613
3704300939654
3704300938307
3704300939355
3704300939244
3704300939415
3704300939352
3704300937865
3704300939477
3704300939521
3704300937864
3704300938306
3704300938830
3704300939722
3704300938305
3704300939462
3704300939613
3704300939676
3704300939654
3704300937864
3704300938306
3704300937942
3704300937945
3704300937947
3704300939677
3704300938397
3704300937944
3704300938983
3704300938982
3704300938307
3704300939722
3704300939676
3704300938305
3704300937945
3704300938981
3704300937863
3704300937947
3704300938678
3704300939677
3704300938397
3704300939326
3704300939819
3704300937942
3704300938983
3704300939797
3704300937863
3704300938981
3704300939846
3704300939916
3704300939905
3704300937944
3704300938982
3704300939819
3704300938743
3704300938732
3704300939530
3704300938678
3704300938830
3704300939326
3704300938397
3704300937863
3704300939846
3704300939797
3704300939916
3704300937965
3704300939777
3704300940004
3704300938395
3704300937862
3704300939905
3704300938743
3704300938732
3704300940035
3704300937946
3704300938392
3704300938397
3704300939530
3704300938413
3704300938830
3704300937965
3704300939777
3704300940103
3704300938395
3704300937862
3704300940004
3704300939675
3704300938596
3704300940221
3704300940241
3704300938134
3704300938398
3704300940035
3704300937946
3704300938413
3704300938129
3704300940312
3704300940103
3704300937862
3704300938392
3704300939675
3704300938596
3704300938134
3704300940362
3704300937861
3704300939678
3704300939676
3704300939677
3704300938398
3704300940221
3704300938394
3704300937948
3704300940312
3704300940362
3704300940241
3704300938671
3704300939120
3704300938824
3704300939678
3704300940465
3704300939676
3704300938129
3704300940511
3704300939677
3704300937861
3704300938597
3704300938671
3704300940641
3704300937860
3704300940465
3704300940594
3704300940708
3704300940681
3704300937948
3704300938394
3704300940511
3704300940736
3704300940788
3704300939120
3704300939170
3704300939699
3704300938824
3704300940594
3704300939700
3704300938167
3704300940708
3704300938597
3704300940736
3704300937860
3704300940641
3704300940788
3704300940031
3704300940835
3704300940681
3704300940885
3704300939699
3704300938725
3704300938428
3704300938167
3704300940708
3704300939170
3704300940682
3704300938410
3704300939119
3704300937859
3704300939700
3704300940031
3704300940835
3704300940885
3704300940476
3704300940374
3704300940037
3704300940039
3704300940036
3704300938428
3704300940708
3704300938725
3704300940682
3704300938864
3704300938410
3704300938166
3704300940476
3704300938247
3704300940793
3704300939124
3704300938610
3704300939119
3704300940374
3704300937859
3704300941013
3704300940036
3704300938864
3704300940037
3704300940039
3704300940928
3704300937858
3704300938166
3704300941084
3704300941090
3704300941063
3704300938295
3704300937927
3704300940892
3704300939236
3704300939124
3704300940731
3704300938610
3704300938247
3704300940793
3704300938244
3704300940928
3704300940706
3704300941013
3704300941084
3704300941063
3704300941090
3704300937858
3704300940892
3704300939236
3704300940680
3704300938862
3704300939165
3704300939325
3704300940786
3704300940029
3704300939694
3704300941182
3704300938244
3704300939672
3704300938295
3704300937857
3704300940706
3704300937927
3704300940680
3704300938862
3704300940731
3704300940531
3704300938173
3704300941149
3704300939612
3704300939165
3704300939325
3704300938376
3704300940786
3704300940603
3704300939694
3704300940029
3704300940531
3704300937857
3704300938173
3704300940650
3704300941182
3704300940601
3704300939672
3704300940648
3704300941149
3704300938296
3704300939612
3704300937928
3704300938840
3704300941236
3704300938382
3704300938376
3704300938389
3704300938385
3704300938841
3704300937856
3704300940650
3704300940603
3704300940648
3704300938296
3704300937928
3704300939628
3704300941232
3704300941254
3704300938840
3704300941226
3704300941236
3704300941213
3704300938382
3704300940601
3704300938389
3704300938844
3704300938393
3704300940791
3704300939628
3704300939186
3704300940960
3704300938842
3704300941316
3704300938385
3704300941232
3704300937856
3704300941254
3704300941226
3704300938844
3704300939186
3704300940960
3704300941016
702778646975
3704300938841
3704300938842
3704300941213
3704300938244
3704300939613
3704300941398
3704300941501
3704300941316
3704300938650
3704300938393
3704300941319
3704300940791
3704300941016
3704300939613
3704300941559
3704300940161
3704300940205
3704300941557
3704300941516
3704300941501
3704300941518
3704300941609
3704300941519
3704300938244
3704300941692
3704300941319
3704300937951
3704300941559
3704300941398
3704300940161
3704300940205
3704300941557
3704300940177
3704300937976
3704300938899
3704300941609
3704300938650
3704300941701
3704300941516
3704300941804
3704300941519
3704300937951
3704300941518
3704300941831
3704300941891
702778646974
3704300940177
3704300938899
3704300941692
3704300941959
3704300942072
3704300941701
3704300942086
3704300937976
3704300939245
3704300941167
3704300940790
3704300938180
3704300942204
3704300942193
3704300937955
3704300938184
3704300941831
3704300941804
3704300942072
3704300941891
3704300941959
3704300942086
3704300940790
3704300938181
3704300938336
3704300939245
3704300939261
3704300941167
3704300938180
3704300942193
702778646973
3704300937955
3704300942245
3704300938181
3704300938905
3704300940361
3704300940375
3704300940360
3704300941266
3704300939261
702778646972
3704300942204
3704300940465
3704300942245
3704300938184
3704300938905
3704300940259
3704300940926
3704300940127
3704300941267
3704300940358
3704300938336
3704300940361
3704300940360
3704300940375
3704300940465
3704300940792
3704300941266
3704300938188
3704300938191
3704300940926
3704300940259
3704300940127
3704300938493
3704300941267
3704300939007
3704300939005
3704300940375
702778646972
3704300940358
3704300939003
3704300939702
3704300940732
3704300940738
3704300938191
3704300940792
3704300938493
702778646972
3704300938188
3704300939702
3704300939173
3704300940214
3704300938999
3704300939007
3704300939010
3704300940732
3704300937952
3704300939005
3704300939238
3704300940738
3704300937967
3704300940214
3704300942317
702778646971
3704300939003
3704300939173
3704300938999
3704300940377
3704300937967
3704300939616
3704300939010
3704300942338
3704300939194
3704300941183
3704300940787
3704300940030
3704300940762
3704300939166
3704300941123
3704300937952
3704300942317
3704300939238
3704300939616
3704300942338
702778646970
3704300939755
3704300940771
3704300940760
3704300939194
3704300940377
3704300941183
3704300940030
3704300940979
3704300939761
3704300940797
3704300940787
3704300941123
3704300940762
3704300939755
3704300940982
3704300940976
3704300942462
3704300942411
3704300942405
3704300942454
3704300939166
3704300940771
3704300940979
3704300940760
3704300942421
3704300940966
3704300940956
3704300939761
3704300940982
3704300940797
3704300940976
3704300942462
3704300942520
3704300942416
3704300942574
3704300942454
3704300942548
3704300940966
3704300942538
3704300940956
3704300942429
3704300942520
702778646969
3704300942416
3704300942446
3704300942411
3704300942405
3704300942574
3704300942440
3704300942532
3704300942548
3704300942543
3704300942421
3704300939588
3704300941122
3704300938230
3704300942085
3704300942538
3704300942446
3704300942440
3704300942429
3704300942434
3704300942518
3704300942206
3704300940929
702778646968
3704300942532
3704300938229
3704300939588
3704300938238
3704300942543
3704300941122
3704300938230
3704300942434
3704300940748
3704300939724
3704300942518
3704300938582
3704300942206
3704300939188
3704300938238
3704300939984
702778646968
3704300940748
3704300939724
3704300938168
3704300938582
3704300941136
3704300940373
3704300940593
3704300939188
3704300942085
3704300940640
3704300938166
702778646967
3704300939984
3704300939853
3704300940929
3704300938229
3704300940377
3704300942620
3704300939174
3704300939122
3704300940373
3704300938168
3704300941136
3704300940593
3704300939127
3704300940640
3704300942680
3704300942725
3704300942802
3704300939129
3704300939806
3704300939784
3704300938166
3704300939853
3704300942620
3704300939174
3704300940377
3704300939703
3704300938840
3704300939122
3704300942680
3704300938371
3704300939127
3704300942802
3704300938664
702778646967
3704300942725
3704300939806
3704300939129
3704300938246
3704300939237
3704300938429
3704300939784
3704300939310
3704300939703
3704300940899
702778646966
3704300938840
3704300938371
3704300940896
3704300942907
3704300938664
3704300940900
3704300938246
3704300939238
3704300939310
3704300939237
3704300940893
3704300938429
702778646966
3704300940896
3704300941015
3704300941102
3704300941072
3704300941085
3704300941092
3704300941064
3704300940900
3704300940899
3704300940737
3704300939238
3704300942907
702778646966
3704300941102
3704300940893
3704300941072
3704300942802
3704300939172
3704300940382
3704300941092
3704300941064
3704300940376
3704300941103
3704300940510
3704300942802
702778646965
3704300941015
3704300942936
3704300939172
3704300941085
3704300940382
3704300943021
3704300943045
3704300940737
3704300941103
3704300943275
3704300940842
3704300940849
3704300943136
3704300943214
3704300941443
3704300941451
3704300943343
3704300943021
702778646964
3704300940376
3704300943045
3704300940510
3704300943275
3704300942936
3704300938119
3704300938112
3704300940799
3704300942560
3704300940849
3704300942124
3704300939197
3704300940842
3704300941443
3704300943136
3704300941451
3704300940674
3704300942140
3704300943214
3704300943343
3704300938112
702778646964
3704300942560
3704300942124
3704300938592
3704300940674
3704300940542
3704300938600
3704300942109
3704300942140
702778646964
3704300938119
3704300938592
3704300942587
3704300940931
3704300940942
3704300939742
3704300939763
3704300940799
3704300940542
3704300939197
3704300942190
3704300939370
3704300939329
3704300938600
3704300940942
3704300942109
3704300942587
702778646963
3704300942113
3704300942116
3704300940931
3704300939763
3704300939742
3704300942128
3704300942190
3704300939191
3704300940007
3704300939716
3704300942141
3704300939329
3704300939469
3704300939370
702778646963
3704300941172
3704300942113
3704300940533
3704300939191
3704300940672
3704300942116
702778646962
3704300940007
3704300942128
3704300942141
3704300938563
3704300942108
3704300938577
3704300940752
3704300939716
3704300939469
3704300941172
702778646962
3704300940962
3704300938591
3704300939606
3704300940672
3704300938564
3704300940533
3704300942108
3704300940753
3704300940536
3704300939720
3704300940752
3704300938605
3704300938578
3704300940962
3704300938563
3704300939606
702778646962
3704300938564
3704300940536
3704300938579
3704300938565
3704300938577
3704300942126
3704300938591
3704300940753
3704300939720
702778646961
3704300938605
3704300943462
3704300943368
3704300943453
3704300938578
3704300943451
3704300943457
3704300943466
3704300938579
3704300943506
3704300942126
702778646961
3704300938565
3704300940412
3704300943462
3704300943453
3704300943368
3704300943651
3704300943648
3704300943566
3704300941904
3704300943466
3704300943451
3704300943506
3704300943739
3704300943855
3704300943846
3704300940412
3704300943850
3704300943748
3704300943457
3704300943648
3704300943566
3704300941904
3704300943860
3704300943842
3704300943846
702778646960
3704300943841
3704300943850
3704300943748
3704300943873
3704300943976
3704300943651
3704300943860
3704300944177
3704300943739
3704300943855
3704300944096
3704300943842
3704300944071
3704300940120
3704300943841
3704300944055
3704300943873
3704300938057
3704300944128
702778646959
3704300944177
3704300943976
3704300940667
3704300944071
3704300944120
3704300944239
3704300944294
3704300944268
3704300944152
3704300938635
3704300944213
3704300944055
3704300938634
3704300944096
3704300944373
3704300940120
3704300938057
3704300944128
3704300944120
3704300940667
702778646959
3704300940412
3704300944239
3704300944294
3704300938635
3704300944268
3704300943569
3704300944432
3704300944561
3704300944462
3704300944604
3704300944213
3704300944152
3704300938634
3704300943343
3704300944373
3704300940414
3704300943554
3704300940412
3704300940413
3704300944432
702778646958
3704300944462
3704300944561
3704300944604
3704300939461
3704300944652
3704300943569
3704300940414
3704300940591
3704300940582
3704300943343
3704300943554
3704300943230
3704300940638
3704300940587
3704300944652
3704300940413
3704300943159
3704300944757
3704300944793
3704300939461
702778646957
3704300940591
3704300938408
3704300940587
3704300939169
3704300943159
3704300939243
3704300938637
3704300938649
3704300940582
3704300938724
3704300944757
3704300944793
3704300943230
3704300941253
3704300938165
3704300940705
3704300940679
3704300939169
3704300939243
3704300937926
702778646957
3704300938637
3704300938649
3704300941253
3704300940638
3704300938165
3704300940729
3704300938294
702778646956
3704300938242
3704300938408
3704300940705
3704300941012
3704300938724
3704300937926
702778646956
3704300941082
3704300941061
3704300938294
3704300941100
3704300940785
3704300940028
3704300939164
3704300938242
3704300941181
3704300940704
3704300940679
3704300941012
3704300941082
3704300940729
702778646956
3704300940678
3704300941100
3704300941070
3704300940028
3704300943137
3704300940581
3704300943935
3704300943153
3704300937941
3704300943149
3704300939164
3704300941061
3704300940785
3704300941181
3704300943137
3704300940581
3704300941011
3704300941099
3704300939099
3704300943935
702778646956
3704300943153
3704300940850
3704300937941
3704300943149
3704300940704
3704300943933
3704300940678
3704300941011
702778646955
3704300943208
3704300941099
3704300940633
3704300939099
3704300940630
3704300941070
3704300944753
3704300944787
3704300943225
3704300943205
3704300944749
3704300944783
3704300943202
3704300943933
3704300940633
3704300944753
3704300944787
3704300940627
3704300943189
702778646954
3704300943225
3704300940850
3704300943205
3704300943208
3704300944768
3704300944746
3704300940630
3704300940621
3704300943195
3704300944749
3704300940624
3704300944783
3704300940619
3704300940627
3704300943202
702778646954
3704300943189
3704300944768
3704300944773
3704300944739
3704300944731
3704300940621
3704300944895
3704300943195
3704300940619
3704300944778
3704300944773
3704300944746
3704300943215
3704300944730
3704300944739
3704300943182
3704300940624
3704300943185
3704300944893
3704300944728
3704300944731
3704300944895
3704300940618
3704300944778
3704300944892
3704300944730
3704300943182
3704300944727
3704300943180
3704300943215
3704300940616
3704300944728
702778646953
3704300940618
3704300943185
3704300944885
3704300944893
3704300944708
3704300940608
3704300944878
3704300944871
3704300944892
3704300943180
3704300944727
3704300943173
3704300944958
3704300940616
3704300944708
3704300940613
3704300945017
3704300944885
702778646952
3704300944871
3704300940608
3704300944940
3704300945009
3704300944829
3704300944823
3704300944934
3704300943173
3704300944878
3704300940613
3704300944958
3704300944864
3704300944997
3704300944928
3704300944983
3704300944815
3704300945017
3704300944940
3704300945009
3704300944829
3704300944818
3704300944858
3704300944986
3704300944934
3704300944925
3704300944864
3704300944919
3704300944928
3704300944823
3704300944847
3704300944997
3704300944983
3704300944971
3704300944815
3704300944900
3704300944925
3704300944853
3704300944809
3704300944818
3704300944806
3704300944919
3704300944964
3704300944847
3704300944840
3704300944858
3704300944986
3704300944900
702778646951
3704300944971
3704300944838
3704300944805
3704300944960
3704300944806
3704300944853
3704300944802
3704300944896
3704300944899
3704300944964
3704300944840
3704300945085
3704300944834
3704300945081
3704300944766
702778646950
3704300944809
3704300943211
3704300944797
3704300944838
3704300944960
3704300944805
3704300944802
3704300944899
3704300945147
3704300945150
3704300941534
3704300945085
3704300939403
3704300944896
3704300944834
3704300945081
3704300943211
3704300940168
3704300944766
3704300939221
3704300944797
702778646950
3704300945150
3704300940218
3704300940475
3704300938985
3704300945169
3704300941544
3704300945147
3704300941534
3704300939403
3704300939114
3704300943318
3704300940175
702778646950
3704300940168
3704300939221
3704300940475
3704300940218
3704300941544
3704300938993
3704300938985
702778646949
3704300939039
3704300939060
3704300945169
3704300938963
3704300942237
3704300940175
3704300938993
3704300939114
3704300940579
3704300939069
3704300939066
3704300939039
3704300938950
3704300943318
702778646949
3704300945239
3704300938963
3704300945145
3704300942237
3704300940880
3704300940579
3704300938987
3704300945223
3704300939060
3704300939069
702778646948
3704300945239
3704300945246
3704300945255
3704300939066
3704300939832
3704300938950
3704300939839
3704300945145
3704300945230
3704300938992
3704300939823
3704300938988
3704300940880
3704300938990
3704300939804
3704300939783
3704300945246
3704300938987